3 8 11076 6156 6033 37 3131 52 11162 9206
2 9 35 9193 156 6093 9182 77 3128 3136 3021
1 6 11098 11119 6040 198 13076 4669
3 7 299 363 242 11311 11289 9393 11380
3 4 3301 6301 253 377
2 3 241 309 3234
3 6 11371 11257 385 276 3329 3379
3 7 502 6530 6554 418 11397 3557 11504
3 6 6429 462 3562 11427 491 11479
2 4 9535 478 9428 6521
3 7 3569 3553 583 494 3485 3545 552
2 3 6535 495 6469
2 3 6934 519 9517
3 5 9642 6698 11642 521 11516
3 6 550 3543 525 11557 6458 3480
3 5 11420 9500 11548 575 6446
3 5 3598 11582 629 3659 9478
3 6 3614 11787 646 679 9656 11644
1 4 3692 11640 678 9638
2 4 9668 690 660 3663
3 4 9665 11651 704 11666
1 3 11499 708 6540
3 4 11702 755 11718 3771
1 5 9817 6924 799 3861 11805
3 3 5050 829 5098
1 4 9893 3889 886 11746
3 6 6732 3906 905 3906 11830 9832
2 3 9805 914 11767
2 4 7766 7858 917 12508
3 5 819 9826 923 11846 9904
3 4 819 955 11803 883
3 5 1093 9889 962 6959 6906
3 7 4183 1053 12030 10084 1006 12084 7071
2 5 4146 9964 1013 11923 7132
3 5 10125 4142 4054 1051 7113
2 5 1088 1056 1072 3942 2013
1 3 7176 1086 4206
3 6 4168 1132 10051 11927 10047 7202
2 4 4193 1173 11965 4178
2 5 1109 976 1205 12001 9916
1 6 7342 1364 4384 12255 1392 7399
3 6 4800 12528 1369 12631 4789 7789
3 5 7642 7223 1386 12249 7381
3 5 3208 1426 12503 4787 4720
3 6 4645 12323 1511 1540 4630 1652
2 9 11929 9993 12423 13208 10514 1581 10514 12395 12366
2 4 5186 10994 1583 2109
3 5 831 9796 1595 10448 11621
3 6 7564 10445 10458 1611 7450 7520
1 4 3992 1628 1036 4619
3 5 1626 1641 10347 12336 10362
3 6 9654 9653 4437 1655 720 12497
3 5 1356 7893 1657 4666 3208
1 4 7900 10566 1688 2151
2 5 12907 1929 1731 2024 7716
3 4 4791 1773 12924 12910
2 3 12508 1799 13202
3 5 4718 10609 1801 7826 1814
3 4 1801 7826 1814 12632
1 6 4794 10711 1815 7688 7888 4865
2 4 9816 4943 1822 7604
3 3 7891 1872 13202
1 6 1795 4726 4798 1878 7772 10667
1 3 4934 1928 12828
1 3 1944 1937 12790
1 4 11934 12808 1950 8048
1 5 8024 8080 10823 1981 12716
2 4 5050 2065 1982 10922
1 3 2075 1988 13092
2 3 13211 1993 7963
3 3 13212 2001 7950
1 8 8086 5016 7790 2015 5087 7519 12653 12314
3 3 1534 2043 1618
2 4 1944 12772 2052 5000
3 3 1975 2056 12762
3 3 12868 2086 4915
3 3 2038 2094 5039
1 3 12922 2106 5213
1 3 1688 2151 4851
1 5 11934 2034 2154 12783 7088
3 9 2139 1514 12957 2166 2187 8230 1557 12949 5198
1 3 7900 2171 10400
2 3 2152 2173 12964
3 5 2211 2203 5195 2197 8204
1 4 5196 2206 12911 8205
1 3 12983 2212 2226
2 3 8214 2213 10400
2 4 2176 8144 2220 9962
3 7 9167 67 204 3161 3061 6186 9206
3 6 1473 4978 4897 3123 2081 9152
3 6 3122 11065 9038 3025 3137 9167
3 6 11114 9138 3007 11184 3171 6115
1 7 3152 567 83 3174 11291 9501 10493
2 6 6180 6077 97 3190 6135 6247
3 5 265 6342 3194 11246 9262
3 4 11293 3359 3242 3379
3 4 6235 3341 3277 11251
3 5 6287 6393 3260 3325 11251
2 3 374 3326 3234
2 4 3312 349 3340 9388
2 3 11237 3342 11293
2 4 405 3355 11493 526
1 8 4733 10564 12545 3415 10536 12517 1784 7837
2 4 9522 3488 11407 9418
3 5 11446 3501 13070 11333 6103
1 4 514 11481 3535 6582
3 3 3458 3559 3521
3 4 9567 3583 3414 6562
3 3 7891 3606 7869
1 5 3780 607 3641 11601 11604
3 4 3652 817 3650 11794
1 7 11708 12380 12441 6669 3656 7454 11753
3 5 3509 11463 9492 3671 11631
3 5 11654 6707 3687 6705 11800
3 5 6717 3702 3733 734 11654
3 6 958 11713 762 3768 780 6613
3 5 590 9748 3770 3594 9609
3 3 9962 3854 12989
2 4 1109 976 3864 3973
1 9 3950 9777 6977 921 3870 3807 11844 804 11747
2 3 922 3893 11905
3 5 857 884 3902 11852 885
2 3 911 3928 9909
1 5 743 3931 9857 6901 3816
3 4 591 11901 3943 3924
3 3 982 3956 3984
1 4 1068 4055 3996 7011
3 6 1734 7776 4029 7829 926 12456
3 3 12137 4045 5096
3 4 4984 12886 4064 9975
1 5 7222 10017 10064 4079 11916
1 6 1146 1099 4105 4173 7104 12019
2 3 4486 4111 4550
2 5 10404 12407 4125 7159 12350
3 6 7005 10026 4129 7162 10091 11969
3 5 4854 4738 4166 9657 12357
2 4 7096 4178 11965 1173
3 4 3992 4038 4185 7054
2 4 1173 4193 7211 7096
1 7 11986 7027 4196 4169 10069 4099 1055
3 6 12291 10247 4287 12221 10318 12459
3 5 1412 12146 4315 12275 7447
2 8 9616 7721 10305 4347 4331 3588 9697 9713
3 9 7381 10279 1342 4361 4320 1313 1274 10322 12268
3 5 1424 4432 7379 4362 12291
1 4 7624 4458 7495 7661
2 4 12419 10442 4528 5189
3 4 1534 4567 12778 12458
3 4 831 4601 1445 9727
2 3 4624 4611 12878
3 4 10077 1609 4616 11929
1 5 9999 4631 4619 1036 1628
2 3 4611 4624 7617
3 4 5198 4632 1472 12308
3 8 3962 7532 10444 10512 7595 4646 1642 12352
2 9 4709 10674 4788 4714 4823 7693 10713 10531 4800
3 6 1801 10609 4718 7887 1565 4543
3 6 1426 12503 4787 4720 4787 7683
1 7 7789 12174 10617 4730 10533 1726 7837
3 3 12932 4776 7798
2 4 1815 10711 4794 4749
2 8 1369 12528 4800 10531 10713 7693 4823 4714
3 7 1678 9892 10676 3708 10606 4830 4871
3 5 4848 13091 4833 13091 13069
3 4 4833 13091 4848 7869
3 6 4166 4738 4854 751 5205 12582
2 6 1262 1857 11712 4860 12585 1851
1 3 8057 4898 10830
2 5 8057 1945 4977 4908 10765
3 4 2086 4915 5086 12137
1 3 2026 4928 4966
2 4 7173 1152 4933 7958
2 3 8024 4942 10855
1 4 8101 10815 4951 12839
3 3 2012 4957 8008
3 4 7992 10875 5012 8038
2 3 13088 5015 10769
1 4 5047 5017 12723 12766
3 6 4974 2057 5027 10892 8004 8060
2 3 4997 5028 8109
1 6 7101 7434 10757 5030 12414 4896
3 3 12710 5034 7992
2 3 8244 5036 6039
3 3 2094 5039 8008
2 4 8118 12740 5049 10760
2 3 12873 5052 13089
1 3 2080 5054 11012
3 3 12786 5055 12137
3 5 8093 12748 5073 8009 10890
3 3 8058 5077 7992
3 3 1974 5084 3165
2 3 4045 5096 4410
1 4 10525 5217 5106 10400
1 3 8199 5162 12969
1 3 2176 5180 12967
3 8 12990 12976 2191 12948 5197 5183 10927 8186
2 3 5203 5189 4528
3 3 7872 5199 12504
2 5 2204 12959 5208 2190 2218
1 4 2226 5216 10960 12939
1 3 12913 5220 12853
1 5 2218 8233 5223 12422 10392
1 5 5179 12979 5229 10944 10965
2 4 8175 5232 12965 8254
2 6 392 9338 6302 6226 6275 11225
1 9 3480 3568 3507 3203 6232 9554 6579 560 6280
3 3 11279 6237 9315
3 3 391 6241 11456
3 4 3295 3230 6259 3544
3 3 6336 6286 9309
2 4 9438 9357 6296 3272
2 5 11237 11267 6313 3396 9303
1 7 310 6459 3219 6326 6249 9323 11241
3 3 3369 6351 3422
2 5 3380 6402 11245 6375 9316
2 5 3299 3571 9555 6418 11542
3 6 6474 3421 6420 9571 9729 11700
3 6 6429 3457 6509 6557 6435 474
3 5 502 3466 6474 3421 6420
2 5 11479 6483 6431 11536 11691
2 3 3524 6488 589
3 4 11420 3476 6504 11483
1 5 3522 11468 11402 6513 564
3 5 3552 3758 6536 9510 11465
2 4 11417 9557 6555 9517
3 4 3569 6562 3414 3583
2 4 589 6568 3530 6542
2 3 529 6570 6469
3 4 11420 6585 9534 11506
2 3 11417 6594 589
2 5 476 9423 6600 3577 9716
3 3 6974 6696 11621
3 4 3617 9621 6700 11625
1 5 4741 1736 6742 12676 12124
2 6 743 11697 3740 6759 929 11702
3 4 3605 6778 6916 9708
3 3 782 6793 9582
3 6 6812 6966 3873 6817 9896 6906
3 4 883 6843 9784 11837
3 4 3829 6850 3802 11800
3 7 831 11776 11760 6855 3853 9825 6890
3 3 6862 6875 11833
1 5 3866 3790 6880 12070 9815
1 5 9764 854 6927 9824 9853
1 3 3973 6930 11786
1 4 519 6934 3679 663
3 4 3924 6957 6983 9588
3 5 3754 11709 6962 760 9898
1 7 724 889 9787 6996 11885 844 11768
2 7 4129 10026 7005 11957 12039 1189 1149
1 4 4143 7188 7030 11974
2 5 10044 7035 1083 10017 7222
3 4 1110 11961 7054 4185
2 6 5030 10757 7434 7101 10517 7097
1 3 4206 7107 7170
3 3 7072 7113 1051
3 4 4116 7132 11923 1013
3 6 1092 1191 7145 1167 10055 12031
2 4 4072 4187 7150 11952
2 5 4440 1544 4574 7151 7170
2 4 875 1178 7183 1048
3 4 1092 11946 7212 12031
3 5 3816 11737 7213 9933 9785
2 5 6105 6016 11200 7330 186
3 4 3498 7348 12534 13075
3 6 11669 3766 11731 7420 9747 11714
2 6 4410 10332 12480 7497 12307 10358
3 4 1822 7604 1463 12476
3 5 718 9675 4445 7629 10230
3 4 1424 7304 7644 7361
3 7 1356 4769 7807 10715 7683 4787 4720
3 3 3706 7718 10552
3 6 7798 12576 7755 1667 10455 10682
1 5 9792 7999 7764 4742 10662
1 4 1554 7775 10671 7639
1 7 4677 7725 10559 4832 7785 7691 7844
2 3 7643 7791 10909
3 6 10410 4510 7464 7797 7615 10586
3 6 4607 4736 7827 10591 7879 4799
3 3 13075 7901 2947
2 4 5021 7913 10732 12810
2 4 989 7116 7958 4933
3 3 4993 7960 10904
2 3 10912 7968 8113
2 3 4580 7969 10523
2 4 2097 12855 7977 12726
3 3 5013 7983 12794
1 3 5000 7993 10747
2 4 2103 8002 1947 8020
1 5 7921 10853 8003 10800 10746
2 3 7716 8016 8048
1 4 8002 1947 8020 10760
2 3 4952 8034 10831
3 3 13212 8039 8096
1 3 4985 8043 12766
3 3 5070 8065 5013
3 3 1974 8078 11012
1 7 2015 7790 5016 8086 7702 4770 4709
2 4 5073 12748 8093 10385
3 4 12897 2037 8097 10740
1 3 5028 8109 10820
2 3 3916 8123 3795
2 3 2218 8140 12977
1 4 10946 8143 4617 8242
3 8 4645 10971 5125 8152 2201 10958 10937 5207
1 3 2035 8172 2204
3 6 5183 10927 8186 5225 5211 8249
3 6 5200 8189 10959 2181 10945 12977
1 3 5166 8191 12917
2 5 7589 4570 8196 11002 10419
3 9 12990 12962 8200 10949 7608 7579 1511 12323 4645
3 3 12632 8204 2197
2 3 7500 8208 5184
3 3 2174 8231 12994
3 6 1652 8228 8243 8130 11011 12990
3 3 2200 8246 10993
2 4 5232 12965 8254 8185
3 3 5143 8255 10975
3 6 3151 6174 11032 9098 3053 9120
3 7 4640 11057 6099 9221 9485 11302 10493
2 6 537 6236 9387 9252 11260 279
2 4 3194 11246 9262 6314
2 4 9309 9281 11233 11388
1 8 6354 11271 6233 6344 9288 546 3568 3480
1 6 6354 9289 342 11322 216 11370
2 5 11371 9255 9303 3396 6313
3 5 6413 6359 9304 11341 6280
3 3 6318 9315 6237
1 7 6380 6283 9278 9356 3240 346 6247
2 5 6282 6334 9334 9361 11372
2 3 321 9388 3340
2 4 11218 9314 9392 9383
3 4 417 11398 9412 9567
3 4 6560 480 9431 9498
1 6 502 3479 6505 9461 11434 9417
3 6 10249 6510 9467 3640 11728 9585
2 5 265 6342 9483 9731 6314
3 4 3495 527 9495 11465
2 3 6524 9497 11404
2 3 3516 9536 11606
2 4 9486 9547 9443 11533
2 4 6521 3499 9560 6582
3 4 3569 11525 9569 11542
3 6 3775 6607 9585 11728 3640 9467
3 6 591 6611 9586 6614 3596 624
1 5 776 6635 9587 9618 9620
3 3 624 9595 9588
3 4 3984 6998 9602 11887
3 5 11577 6647 9608 9643 11610
3 7 3696 6697 9640 11622 9619 3665 6679
1 4 9620 9622 3666 9642
3 6 3763 11695 722 9667 9724 6710
2 3 690 9668 11639
3 5 6711 6714 9687 713 11659
2 6 3838 6891 9772 11824 11874 11773
2 4 9914 9780 11762 9849
2 4 7764 7999 9792 12627
2 4 925 6926 9794 9904
3 5 7169 1165 9807 11847 6994
1 3 6889 9821 9809
1 4 9893 9823 11759 12416
3 6 905 3906 11830 9832 6909 9850
3 5 7169 12056 1063 9865 6994
1 8 3950 6950 3935 933 9900 6978 6938 979
2 4 3928 9909 11891 3772
2 4 6857 6990 9930 11774
2 5 4146 1128 9960 7149 12888
3 4 1182 9998 7157 7087
3 4 7087 10100 10015 10128
1 5 928 3927 10041 6945 3983
2 3 7035 10044 12019
1 4 7011 10073 7164 4076
3 3 12182 10210 12295
2 4 951 11873 10343 1506
3 5 1637 12035 10358 12307 7497
1 6 1345 1373 1533 10382 12343 10209
2 4 10837 10768 10385 8093
1 5 8242 8184 10392 12422 5223
2 4 10513 10432 5172 10980
2 4 7630 10482 4969 10494
3 4 13217 10538 697 12677
3 3 7782 10585 2947
1 5 7853 1737 10644 12571 12508
1 5 7844 1845 10678 1730 10667
3 7 1690 12673 10687 10690 12155 7255 3513
3 3 7891 10703 7830
1 3 2075 10728 12865
1 4 4956 1952 10738 12721
1 5 2097 12046 10876 10744 4974
1 4 8003 10800 10746 12811
1 4 4985 8124 10777 10833
2 3 2097 10793 5098
1 4 4410 10801 12799 4950
3 3 10915 10812 12751
1 3 4889 10820 8109
1 5 12769 12831 10826 10781 12314
3 3 2012 10829 12751
1 5 10777 10833 5068 12757 12812
1 3 4991 10842 10886
1 3 1939 10860 5196
2 4 12867 2021 10889 12810
2 5 1963 10828 11249 10913 1986
3 3 2012 10915 10812
1 4 2035 10956 2168 5151
2 3 7500 10985 12942
2 3 5128 10993 8246
1 3 8157 10996 8211
3 5 5198 11006 5227 1570 7649
1 8 188 3180 6204 6136 9032 11135 11028 3021
3 8 158 120 82 9233 11079 6146 193 11076
1 6 198 6040 11119 11098 10723 9121
3 7 3171 11184 3007 9138 11114 9054 6164
2 9 9120 9408 11202 6324 3310 6242 9353 387 6293
3 3 11221 11253 6103
1 8 306 3362 6387 9382 11254 3279 6303 11349
2 3 3522 11359 11219
2 4 241 11360 11318 9335
3 5 385 11257 11371 9255 9303
2 4 9361 11372 11343 9263
3 3 221 11374 6103
2 4 405 11388 11233 9281
2 5 514 6559 11432 6440 11542
3 4 9490 3506 11491 11506
2 7 6338 372 9514 11496 9401 339 11225
3 7 488 9491 6495 11504 3557 11397 418
2 3 3516 11519 11562
3 5 3549 9578 553 11521 11535
2 4 9559 11502 11531 11547
3 4 6761 6584 11534 9716
2 3 11531 11547 11560
3 3 599 11564 3601
3 4 624 11594 9624 6685
2 3 628 11595 599
1 4 9620 11604 11601 3641
3 4 6685 11610 9643 9608
3 5 9661 11630 11627 3670 6685
1 4 11674 11645 4477 11704
3 6 4345 7345 11662 10381 11722 9693
3 5 6710 11669 3766 11731 7420
1 6 3701 6727 11670 9698 11703 3575
3 5 737 3755 11683 574 11561
3 5 885 11854 13220 11688 740
3 5 6613 6786 11716 9728 958
2 4 9875 3884 11767 914
1 5 6996 11885 844 11768 11805
3 4 6923 893 11774 9930
1 5 856 785 11778 9921 928
1 3 6930 11786 9916
1 5 3950 6919 11797 9954 11853
1 5 3816 9813 11821 11819 872
3 6 885 903 6936 11825 9846 9800
2 4 949 935 11857 11887
1 5 9894 11845 11858 937 3922
3 3 6845 11900 9864
2 4 3893 11905 9862 6923
2 7 4076 4145 1071 11910 10061 11967 9989
1 4 8101 4603 11976 4115
3 8 7137 11926 1018 4023 11981 10105 1131 1087
2 7 4152 7128 9997 12014 9970 9942 4183
2 6 10024 10109 4065 12038 11956 4095
3 4 4168 12054 7083 7138
1 3 10400 12064 12648
3 5 5019 11950 12114 1275 7340
3 5 490 13196 12147 7364 3208
1 6 10209 12168 1277 7463 12302 10522
1 5 1242 12931 12237 12193 12154
3 5 7363 12247 1409 4327 7402
3 3 7642 12277 12293
3 4 7642 10135 12293 12277
3 6 7592 4530 4502 12308 1472 4632
3 5 1453 1643 12313 1528 12401
3 6 492 7640 12325 12470 7612 7118
3 3 10515 12351 12364
3 6 3962 7532 10444 12352 1642 4646
3 6 11975 1480 12381 1572 1584 7388
1 6 9823 11759 12416 12387 7530 12476
2 4 4528 10442 12419 4822
1 4 7661 1536 12434 11704
3 6 3732 7462 12459 10318 12221 4287
2 6 1562 12461 13215 12833 2069 8012
3 3 1580 12519 8136
3 7 12406 4864 4673 12560 4763 10622 10637
3 3 1814 12632 8204
3 3 736 12682 7782
3 4 4872 12688 12145 1848
2 3 12589 12692 4822
1 4 10730 12712 8236 12753
1 3 4982 12716 1981
3 5 4984 12718 12876 12041 12868
1 3 2089 12726 7977
1 3 10877 12744 4033
3 3 12858 12747 12834
1 5 5064 10789 12769 12831 10826
3 6 12410 4884 2042 12782 6987 5061
3 3 8096 12787 12785
1 5 10494 4969 10864 12790 1937
3 6 12301 9773 12720 3867 12791 10740
3 5 4515 1516 12795 9986 7716
3 3 2012 12802 12858
2 4 7921 12804 10172 4956
2 3 10886 12823 13093
2 3 3165 12824 6008
1 3 4982 12828 1928
3 3 12751 12838 7930
2 4 2097 12046 12839 4951
2 5 12812 1964 12840 5065 12991
2 5 1963 10828 12780 12863 7982
1 4 10889 2021 12867 1900
3 3 12762 12874 12843
1 7 7639 756 7584 12877 10852 12248 12314
2 5 9960 7149 12888 10059 13077
2 5 5117 12945 12896 4128 7716
3 3 2152 12901 8224
1 4 5151 12947 12913 5220
2 5 5179 2160 12916 5165 10973
1 3 8191 12917 8211
1 3 2106 12922 2152
2 3 11145 12929 12989
3 3 4776 12932 4791
2 3 10985 12942 10975
2 3 2173 12964 5213
3 4 10924 12973 10982 8211
3 4 4833 13091 13069 7869
2 5 989 3991 7008 13074 10045
1 5 2103 13079 12894 12768 8030
3 3 2210 13086 5131
2 4 5015 13088 2083 4956
2 3 1988 13092 13087
2 3 12823 13093 12865
2 3 2192 13210 10948
3 2 14 6115
3 4 17 9532 11558 9546
3 4 35 9185 9209 6164
1 3 105 6538 9121
2 7 122 6145 9170 3059 6080 9204 14
3 4 158 11081 11164 11125
3 7 158 11121 195 66 3172 11065 3122
3 6 158 6212 9106 11199 9104 11076
3 6 186 9124 6100 3079 84 3164
3 8 186 3102 9232 6133 9065 6089 6191 11149
3 10 186 3102 9232 6133 9065 3167 3066 175 3004 6149
3 8 186 11110 11192 3186 196 23 9200 6180
3 5 219 9285 9397 6268 9379
3 2 219 351
3 3 265 9374 9438
2 3 279 3381 17
2 2 281 3288
3 3 299 329 11215
2 4 306 11290 11220 11241
2 4 310 233 9341 406
2 4 310 11358 9246 9438
3 2 317 11251
2 3 321 11276 11219
3 4 351 11270 11317 11297
2 2 362 9263
2 2 362 3380
3 3 377 6378 3369
3 2 383 6331
3 2 391 9498
3 3 391 3314 6336
3 4 400 11357 11329 9316
3 3 400 13206 3393
2 4 405 9509 11431 11533
3 3 417 11413 442
3 2 442 3497
3 2 476 6429
3 3 476 11464 550
3 4 476 9435 3757 3575
3 4 488 3452 6451 11561
3 5 490 6740 983 7893 1356
2 5 492 7422 11509 9996 12384
3 3 492 4756 7480
3 3 492 7422 4622
3 2 493 9546
3 4 512 3493 6688 3655
1 2 514 9535
3 2 516 6598
3 2 516 3516
2 3 526 9375 3522
2 4 537 6236 388 6558
3 7 550 11490 6497 9465 11438 458 488
2 3 552 6595 9535
1 2 564 11533
2 2 587 6469
2 2 587 9522
3 3 590 769 3754
3 2 596 11581
3 3 596 9596 9627
2 5 610 781 768 9697 9713
3 3 620 3626 6651
3 3 620 9751 3771
3 2 657 9614
1 2 663 9638
1 4 663 11623 661 3660
1 3 671 11615 9630
1 3 671 3657 6656
1 4 673 11634 3675 688
1 4 673 9636 6678 6680
1 3 673 11618 9630
3 2 686 9661
3 2 686 6720
2 3 688 6708 9665
1 3 688 3675 671
1 3 692 11653 6725
3 4 693 3694 676 11639
3 4 705 3722 568 737
1 2 705 3686
3 4 718 715 3712 733
3 2 733 3732
3 2 737 721
3 3 737 767 11700
2 3 743 6756 740
3 8 758 6955 11692 729 11843 13219 726 3918
3 4 758 6955 9689 6734
3 3 773 3776 9752
3 4 773 3776 603 3604
3 2 776 3780
1 3 778 9745 6780
3 4 782 9924 967 925
3 3 782 11889 9907
3 5 853 7747 4796 1972 12552
3 2 853 3834
2 3 853 1793 12765
1 3 856 11831 3951
1 4 856 981 11898 928
3 3 857 3859 9785
3 4 857 11766 813 3816
3 3 858 13229 9778
3 5 858 13224 6914 9757 11742
3 6 858 13224 6914 9757 942 832
3 3 870 689 3685
3 3 870 9810 831
2 3 872 6836 6812
2 5 875 6744 7198 10009 9979
3 4 885 11854 13220 740
2 2 922 9833
3 3 925 9838 6831
3 5 931 3930 6948 9881 858
3 3 931 9925 6866
1 5 940 9755 7143 10056 11810
1 4 940 11792 6925 11747
3 3 949 965 9771
3 4 949 3971 3952 3796
3 5 949 3908 6982 6952 6814
3 4 949 3908 3937 6923
3 2 951 3957
3 3 951 873 6846
2 2 969 773
1 3 970 980 3866
2 3 970 9869 3846
2 2 974 9837
2 3 974 11856 9875
2 2 982 3922
2 2 989 12100
2 2 989 4116
3 10 1041 4047 10046 10117 12088 4057 1198 1127 4120 11954
3 4 1047 7152 1187 1087
2 3 1047 1202 4050
2 2 1047 4189
3 3 1067 4172 10125
3 3 1067 1136 12031
3 2 1087 4152
3 2 1092 10052
3 3 1093 9903 832
3 2 1110 7172
1 7 1110 11961 10012 4070 9944 11920 12059
1 7 1110 11961 10012 4070 9972 11947 1055
3 3 1117 4122 1024
3 3 1117 12007 10128
2 5 1130 7206 4060 7079 9989
2 2 1145 4146
3 4 1145 11939 7166 4046
2 3 1145 4131 13077
2 4 1149 4194 7209 9980
3 3 1160 4163 9994
2 2 1176 4095
1 2 1179 3456
3 2 1182 4188
3 2 1182 4100
1 2 1201 4206
3 7 1224 4269 1293 12188 1379 1407 4241
2 5 1278 1305 4354 12270 12298
2 3 1345 4364 12268
2 5 1345 1373 12212 10225 10209
3 3 1349 12269 12182
3 3 1352 7834 10717
3 3 1352 7892 4740
3 4 1352 1753 10532 4871
3 2 1356 12149
3 6 1403 12125 7295 1315 1385 12292
3 4 1408 4428 10157 7315
3 3 1408 1393 7259
3 3 1408 4413 7853
3 3 1412 7244 10190
2 8 1421 4399 7389 7417 10300 12273 7445 4241
3 3 1453 10449 4565
3 3 1453 7524 4464
3 2 1473 3181
1 4 1506 7466 7588 6971
3 3 1523 10457 12497
3 2 1523 12361
3 4 1523 4569 4449 4540
3 2 1527 12497
3 3 1534 1564 12361
1 4 1554 1623 1573 7639
3 5 1562 12374 7986 8115 853
3 2 1580 12940
3 2 1580 13217
3 5 1618 6803 8025 2082 3960
2 2 1626 4575
3 5 1636 4755 4825 10454 4901
3 3 1637 4544 7537
3 2 1678 7458
2 2 1684 4669
1 2 1684 3169
2 2 1690 12124
3 3 1747 7745 4749
1 4 1795 10714 1748 7844
3 4 1827 12642 12570 4871
3 3 1827 7780 4723
2 2 1833 4584
3 4 1836 4772 10685 10618
3 2 1836 3750
3 2 1836 10709
3 2 1846 5221
3 3 1846 10988 2176
3 4 1848 12145 4790 1873
3 5 1851 7760 10587 4839 3750
3 5 1866 4807 4664 10341 12456
3 3 1866 6752 10618
3 4 1866 1719 12550 1734
3 3 1867 10719 10618
3 3 1873 4875 11571
3 4 1873 11667 12597 10618
2 2 1883 3181
2 3 1883 7919 5060
3 3 1896 12793 4901
1 2 1900 12753
1 2 1900 4991
3 6 1908 2054 7905 2092 1199 12829
2 3 1939 6020 10761
3 2 1951 12785
3 2 1951 10919
3 2 1951 12843
2 3 1963 8031 4966
3 3 1963 10873 10890
3 2 1975 12707
2 2 1986 2070
2 3 2013 12372 3795
2 3 2013 12316 10383
2 4 2017 1948 4949 5064
2 4 2017 1948 2101 5075
2 2 2026 5067
2 3 2026 12756 1922
1 2 2035 5008
3 3 2044 10788 5101
3 2 2044 7930
3 2 2050 12731
2 3 2051 8032 5066
3 5 2070 12895 12739 12852 10890
3 2 2070 5075
2 5 2070 13082 12774 7917 1179
2 4 2076 12708 2032 12868
1 2 2080 10948
1 2 2089 8085
2 2 2089 7953
3 2 2096 8223
2 2 2097 3795
3 2 2100 2012
3 2 2100 12834
3 3 2103 2059 8118
2 2 2115 12975
1 2 2162 12953
1 2 2162 5166
2 2 2182 2210
3 3 2184 12110 7296
2 6 2184 5176 5226 4236 1404 7415
2 2 2192 12975
2 3 2192 3109 6008
3 2 2207 2229
3 3 2225 5202 2210
2 2 2225 12953
3 2 2229 10963
3 2 2407 7766
3 2 2407 13075
2 3 3010 515 6726
2 2 3010 7766
3 6 3083 6066 169 3117 11126 3122
2 5 3152 11426 11127 11443 4640
3 5 3164 9222 9043 3135 6180
3 2 3205 3301
2 2 3234 405
3 2 3262 6598
2 3 3272 6407 281
3 3 3272 6281 400
3 3 3273 6320 11218
3 2 3273 6395
2 2 3295 279
3 3 3320 9404 9438
3 2 3320 6413
3 3 3320 9274 3393
1 4 3330 6424 566 9526
2 5 3330 6515 9420 12128 12298
2 3 3380 6402 6332
2 2 3380 3295
3 4 3392 6546 3412 474
3 4 3393 318 3281 3392
3 2 3422 6489
3 3 3422 3463 540
2 3 3423 11494 529
2 2 3444 6469
3 3 3458 562 3497
3 2 3495 3509
3 2 3498 736
1 2 3500 11445
1 3 3500 13116 11417
1 3 3500 9524 564
2 3 3513 4328 12281
3 7 3513 4328 528 11495 505 3644 610
3 3 3521 9544 3392
2 2 3524 11533
3 3 3544 12562 3521
3 3 3544 467 3458
3 4 3544 11492 548 493
3 3 3544 6567 9316
3 3 3549 9523 11506
3 3 3549 3534 3509
3 4 3549 9578 6599 11535
3 5 3575 6597 11546 574 11561
3 2 3598 620
3 4 3598 6792 11565 9737
3 2 3601 591
3 2 3604 9582
2 3 3604 9598 6631
3 4 3605 6625 4270 4345
3 2 3614 3617
3 2 3614 11586
3 2 3630 9771
3 5 3645 637 3639 660 3663
3 3 3645 6652 3630
3 4 3652 3669 3681 9644
3 2 3652 9642
3 2 3655 6651
1 2 3660 6680
1 4 3660 3662 6661 969
3 3 3663 9651 11636
2 2 3692 11486
1 3 3692 11640 663
3 2 3696 11644
3 3 3696 696 693
2 2 3706 1262
3 3 3706 10684 6726
3 3 3713 730 11659
3 2 3736 761
3 2 3750 1747
3 3 3763 749 11654
3 3 3771 6773 3754
3 5 3775 6797 9580 11567 3605
3 2 3775 3763
3 3 3780 6790 9752
2 2 3780 969
2 5 3816 790 13223 6836 872
3 2 3823 6846
2 4 3823 11841 10412 1506
2 4 3829 7528 10441 6971
3 5 3829 7528 971 7547 9727
3 5 3834 7920 10914 1972 12552
3 2 3834 8012
3 5 3840 986 6881 11859 9814
2 3 3840 6861 6876
2 2 3844 3973
3 2 3878 859
3 3 3878 9847 9850
3 4 3878 6911 3806 9693
3 4 3882 907 935 949
3 3 3882 3865 974
3 4 3897 891 3863 6882
3 2 3897 6717
3 3 3897 862 11817
3 4 3918 918 9846 9800
3 3 3924 11816 6889
3 3 3924 11816 9894
3 2 3938 858
3 4 3938 9767 6993 9785
1 2 3939 3922
2 2 3946 9853
1 5 3951 6808 3907 11784 11747
3 4 3960 9920 1915 12301
3 3 3962 9859 6994
3 2 3976 6973
1 4 3983 6877 11860 940
1 2 3983 3951
2 2 3984 3939
3 3 3992 9984 7172
3 2 4033 10764
3 5 4046 10078 12051 7081 1160
2 4 4046 10078 12051 11953
2 2 4046 13077
2 4 4073 12049 1155 11979
3 4 4100 7016 4118 1024
2 2 4109 1109
2 3 4109 3988 7096
1 2 4112 928
2 3 4116 4150 10045
1 2 4143 1068
1 4 4146 7040 12020 10045
3 2 4156 4183
1 4 4165 1078 1162 4050
3 3 4168 6943 788
3 2 4188 4100
3 5 4228 1311 1340 4373 1224
3 2 4245 10077
2 4 4329 4289 12135 1242
3 2 4345 9601
1 2 4440 8101
3 3 4464 7668 7480
2 9 4468 7512 7487 4524 7585 1546 4552 10396 12371
2 3 4486 7184 10383
2 3 4486 7001 7170
3 3 4515 1817 10594
2 2 4515 12677
2 3 4515 1817 12907
3 3 4516 10361 7537
3 2 4540 10586
2 3 4550 12442 10383
2 3 4550 10087 1088
3 3 4565 12429 4622
3 2 4565 10410
2 2 4580 10837
1 2 4584 4556
1 2 4584 5231
1 3 4609 4637 4580
2 3 4609 4553 10523
2 6 4622 1587 12735 12803 9996 12384
3 2 4640 9120
3 2 4696 1833
3 2 4723 4749
3 6 4724 12691 12563 4690 10646 10627
3 3 4740 11802 10798
2 2 4741 1851
3 2 4753 761
1 3 4785 12655 12555
2 4 4785 10544 7744 4724
1 8 4797 12540 10661 10562 7713 4818 12691 4724
2 4 4799 7879 12573 10662
2 3 4799 11814 12765
2 2 4822 10697
2 2 4822 4696
1 2 4822 4584
3 2 4851 1874
3 2 4851 12963
1 2 4865 10662
3 4 4872 4426 4875 11571
3 2 4872 1873
3 2 4879 10963
3 3 4879 10957 8136
3 2 4879 2207
2 2 4887 5066
2 2 4901 4609
1 2 4934 4980
1 2 4934 5008
3 2 4948 12710
3 3 4950 10030 7430
3 4 4950 10872 7177 4072
3 2 4952 12900
1 2 4956 2011
2 2 4956 5021
3 2 4959 7982
3 6 4975 12684 2102 12624 7762 10798
3 2 4975 12552
3 2 4984 1908
3 2 4989 7972
3 2 4989 12834
2 2 4991 2077
2 2 4995 12812
2 2 4995 2063
2 3 4995 11014 12941
3 2 4997 7963
3 2 5013 8096
3 3 5019 12226 10324
1 3 5037 2090 8060
3 2 5045 12794
3 2 5045 8008
3 2 5050 1922
2 2 5050 8040
3 2 5061 12811
3 2 5061 10769
2 2 5064 5105
2 2 5066 10730
3 3 5067 8074 1963
2 3 5075 8013 8098
2 2 5079 12927
2 2 5079 11145
2 2 5098 9816
3 2 5101 1975
3 2 5101 12707
2 2 5105 8098
2 3 5117 12925 10968
2 2 5128 5185
2 2 5128 5222
3 2 5131 10952
2 2 5139 8207
2 2 5139 8244
3 2 5143 2208
1 2 5151 8129
1 4 5153 10984 5218 8242
1 2 5166 2182
2 3 5179 10938 10924
2 3 5179 12930 2174
3 3 5200 12951 8224
3 3 5203 1509 10697
3 6 5207 10937 12311 1478 4487 2139
1 2 5210 5196
3 2 5213 10986
1 2 5230 8157
2 2 5231 10697
1 2 6039 9137
1 2 6039 2080
3 2 6050 9149
1 2 6105 6192
1 5 6105 9099 154 6177 9121
1 5 6105 9099 3147 10207 105
2 3 6115 11078 3021
3 5 6132 9220 6161 6083 9108
3 4 6149 9172 9050 11149
3 5 6164 3063 3375 3286 6331
3 5 6180 11027 135 12 6149
2 8 6247 6135 9257 11239 9033 135 12 6149
1 6 6248 9286 324 11373 6294 392
3 3 6270 7239 3369
3 2 6270 11279
1 6 6278 7403 7431 6285 291 1278
3 4 6280 560 3496 474
2 2 6282 3312
2 2 6282 537
2 2 6300 9383
2 2 6314 3288
3 2 6318 3205
3 2 6318 9379
3 7 6331 3386 3307 6412 9362 6345 9279
2 3 6332 11265 3288
2 3 6332 395 281
3 5 6338 11243 11292 9354 392
1 3 6354 11220 11241
2 2 6377 526
2 3 6377 3395 3234
2 3 6377 3395 405
3 2 6384 3205
3 2 6384 6318
2 2 6389 11331
3 2 6389 317
3 3 6413 6340 406
3 2 6446 6560
3 2 6446 11483
3 3 6464 13205 9427
2 2 6464 9567
3 3 6496 6500 3444
3 2 6496 3262
3 2 6496 11456
3 2 6499 442
2 3 6521 375 11219
2 3 6521 11444 3312
2 4 6521 3499 9456 3522
2 3 6524 538 6582
1 2 6524 3500
2 3 6535 9509 405
2 2 6540 3299
2 2 6542 11486
1 2 6550 4112
2 2 6558 17
3 2 6560 6598
2 2 6573 9537
1 3 6573 6586 11691
2 5 6573 6586 6604 466 6499
2 2 6583 11435
2 2 6583 9559
2 2 6583 9418
3 2 6606 782
3 2 6626 599
1 3 6631 6675 9630
1 2 6642 6997
1 4 6642 1467 1610 11704
3 4 6651 6648 9593 590
2 2 6656 628
3 4 6657 9597 11565 9737
3 2 6677 657
3 2 6679 11639
3 3 6679 11605 3645
3 3 6685 3680 11625
3 2 6703 11625
2 3 6706 3704 3701
2 3 6706 3724 3707
3 3 6710 11656 3685
3 4 6710 6769 6782 11714
3 2 6711 693
2 4 6711 6714 11676 9704
3 2 6717 9708
3 3 6720 9676 6703
2 3 6725 9515 3299
3 3 6725 6708 9665
3 3 6726 10684 10552
3 2 6726 3498
3 3 6732 715 718
3 7 6734 9686 11675 11840 3725 920 3918
2 3 6734 11673 9817
3 2 6766 11702
3 4 6766 943 6917 3946
2 3 6780 770 3772
3 3 6780 3782 776
2 2 6788 6973
2 2 6788 3772
3 3 6814 9888 9902
3 4 6831 3966 6939 883
3 3 6845 3863 6882
3 4 6846 865 11738 788
3 3 6857 935 949
3 5 6866 9917 11820 896 858
2 5 6876 4518 9911 9855 9814
3 2 6882 3878
3 3 6890 4442 11800
3 3 6890 9825 3685
3 3 6923 6952 6814
1 3 6935 864 12476
2 2 6935 1636
3 2 6973 6946
3 3 6974 12670 12501
3 3 6974 4402 10586
3 2 6984 3957
3 3 6984 9758 6845
3 4 6984 822 11785 9804
2 2 6997 1636
1 2 7011 12004
2 5 7071 10010 10093 9938 4165
3 3 7072 11960 1067
3 3 7082 9992 1130
3 4 7082 12025 1186 9977
3 2 7088 8223
3 4 7097 10517 12310 12017
3 2 7097 9999
3 5 7097 1640 11988 7653 3992
3 3 7097 13143 4156
3 4 7137 7650 1597 4152
3 6 7137 7650 4134 10431 7095 10404
1 7 7137 4077 10459 1625 7606 7446 1319
2 3 7138 10495 7643
3 2 7169 1024
3 3 7172 7199 4183
2 3 7173 4097 7215
1 4 7176 11970 4161 11979
1 3 7176 1015 4115
3 3 7185 10605 4753
3 2 7185 7782
3 2 7202 10029
3 2 7215 12100
1 2 7222 1146
3 5 7250 12105 4278 10208 1412
1 3 7250 4291 1273
3 4 7306 10478 11589 12312
3 5 7306 11971 4691 11788 12646
3 5 7306 11971 4691 7536 1867
3 4 7306 11971 4807 1866
3 5 7315 12214 1320 10198 1690
3 4 7315 7386 10271 3513
3 4 7340 4321 1430 10152
1 3 7342 1291 12144
3 2 7344 10201
3 4 7363 8067 10808 8011
3 3 7363 10274 7447
2 2 7394 11237
1 4 7399 1348 12199 7329
3 2 7430 10311
3 3 7430 12781 5019
3 4 7458 7539 10393 1527
3 2 7458 7306
2 3 7476 8210 12479
2 3 7476 12923 2218
2 3 7476 2167 12977
3 3 7500 5163 10975
3 4 7500 5163 2172 5213
3 5 7520 10388 4478 4453 7649
3 4 7537 7593 4644 10077
3 4 7537 7475 1656 12338
3 2 7552 1453
3 4 7564 7535 4530 7592
3 4 7589 8226 12334 10980
3 3 7589 8148 7476
2 2 7617 7630
3 3 7649 12451 7592
3 6 7669 4415 12339 4441 4487 2139
3 2 7696 2407
3 2 7696 7830
3 3 7766 7858 7830
3 5 7782 6728 9615 763 3736
3 5 7789 1718 10613 7815 4724
2 5 7789 12174 4681 12599 10576
3 3 7798 1759 10637
3 3 7798 7811 4791
1 5 7809 1729 7781 1679 10576
1 5 7809 1729 10635 12615 12555
3 4 7831 954 11635 11621
3 2 7831 10586
2 6 7837 1784 12517 7738 9142 1684
1 3 7837 1757 7809
2 3 7853 4343 12578
3 2 7872 13217
3 2 7872 1874
3 2 7891 7830
3 6 7899 4775 10718 777 602 12582
3 3 7899 6767 1734
2 2 7921 10895
3 3 7930 7954 7950
3 2 7930 5101
3 2 7953 1922
3 2 7953 5005
3 2 7972 2100
3 2 7972 4948
2 2 7982 1986
2 2 8006 10762
3 2 8008 5070
3 3 8011 8100 1412
3 2 8015 2100
3 3 8024 4892 5000
1 3 8030 4924 10840
3 3 8030 12768 8118
2 3 8040 8125 10922
2 3 8040 8125 10523
3 2 8058 2012
3 2 8058 8015
3 3 8060 10870 8030
1 2 8062 4995
1 3 8062 8133 12927
1 3 8062 2066 5079
1 3 8062 8019 11145
3 2 8071 12851
1 3 8073 10786 8060
2 3 8085 1955 12702
3 2 8087 10324
1 3 8098 8066 1179
1 2 8107 4982
3 2 8113 8024
3 2 8113 10855
2 2 8117 4966
3 2 8117 12832
3 3 8117 10881 4959
1 4 8129 5174 2190 2218
2 3 8157 8240 10924
2 2 8157 10952
2 2 8175 2204
2 3 8175 2147 12939
1 2 8183 8205
2 3 8187 10943 12453
2 2 8187 5213
2 2 8193 10968
2 2 8193 5117
2 2 8193 2192
3 3 8199 5190 12983
2 2 8207 12975
3 2 8211 12939
2 2 8213 8185
1 2 8213 2226
3 2 8214 12940
3 2 8214 10525
1 2 8216 5143
2 2 8223 11145
2 3 8224 4587 2109
1 3 8242 5218 8129
2 2 8244 10948
1 2 8245 7900
3 3 8249 12918 12910
1 4 9075 11306 3150 6300
3 5 9108 6165 6125 9147 11125
2 8 9126 11058 11112 9211 11190 6024 6083 9108
1 5 9140 6012 74 15 6181
3 3 9149 11163 35
3 7 9151 205 130 9088 182 3113 6132
3 2 9152 3181
3 2 9152 7963
3 4 9206 9100 3060 3151
3 3 9239 11471 3369
3 2 9239 6103
3 3 9239 507 11446
3 3 9279 6345 6287
3 6 9279 11376 6120 11160 11327 11215
3 2 9297 6270
3 2 9297 3301
3 3 9316 11274 11301
2 3 9320 11305 321
2 2 9320 11331
3 2 9335 6336
3 2 9335 9309
3 3 9340 9240 10493
3 2 9340 265
2 2 9347 9320
2 2 9383 3273
3 3 9418 3560 3546
3 3 9427 11430 3497
3 3 9450 6713 9654
3 2 9450 12312
1 7 9453 6615 11442 11552 432 508 9526
3 2 9478 3509
3 4 9478 11613 9631 11600
3 4 9478 3659 655 6657
2 2 9486 3524
2 2 9486 529
3 3 9490 3506 9644
3 3 9490 3533 9505
3 2 9498 3262
3 3 9505 6545 13011
3 3 9505 9658 9642
3 2 9507 512
3 3 9507 6533 11631
2 2 9517 11486
2 2 9517 11499
3 3 9537 6751 3713
3 2 9548 6761
1 2 9570 552
1 4 9570 6512 9511 11467
1 4 9570 3510 3460 6558
3 3 9588 9591 11574
3 3 9601 7291 12149
3 3 9609 9625 11794
3 3 9609 6644 3655
3 3 9612 9610 3796
3 2 9612 9614
1 3 9616 4778 12124
3 2 9617 3663
3 3 9617 11603 6677
3 5 9617 6658 818 11588 3630
3 3 9617 6658 9612
3 2 9627 599
1 2 9638 9620
3 3 9644 6518 512
3 3 9644 667 9609
3 2 9648 9661
3 3 9648 9646 596
3 3 9654 9653 870
3 4 9654 11641 11685 11714
3 4 9660 11663 9676 6720
3 4 9660 684 11646 11644
3 2 9660 6703
3 3 9671 9637 3840
3 3 9692 3716 11679
3 3 9693 3806 718
3 3 9693 1436 9708
1 4 9704 6571 3548 11691
2 3 9704 727 9548
2 4 9704 727 11689 6761
1 4 9713 6699 6694 6876
2 3 9713 710 4607
3 4 9716 6747 9701 6706
3 4 9727 12568 4988 6974
2 4 9737 6777 9710 743
3 5 9740 12701 4784 11902 10249
3 2 9740 761
3 4 9740 10621 11682 490
3 2 9752 3976
3 2 9764 6812
3 3 9769 6967 6814
3 3 9769 649 9783
3 3 9769 649 9614
3 4 9771 11754 793 3796
3 4 9778 6896 3871 875
3 4 9778 12081 950 4095
3 3 9800 3794 3938
3 5 9804 847 3850 880 11800
2 2 9805 9916
3 4 9814 11757 7517 1562
2 3 9815 4080 1048
2 2 9816 10523
1 2 9817 724
1 3 9837 936 3844
3 3 9850 908 718
2 3 9874 6940 3939
2 2 9874 9849
3 2 9874 3882
2 2 9875 9914
3 3 9898 11877 958
3 3 9898 6960 3946
3 2 9902 922
3 3 9904 11751 6862
3 2 9907 6946
2 3 9932 9886 11853
1 2 9932 975
2 2 9975 11952
3 3 9980 1118 1041
1 3 9991 1142 12090
3 2 10024 1093
3 4 10029 7012 7134 7138
3 3 10029 3994 7118
3 4 10052 11985 1025 7110
3 6 10088 10116 12462 11978 10001 10255
1 2 10106 3916
3 3 10125 12097 7087
3 4 10128 7217 7187 10125
3 3 10152 12779 10756
1 5 10199 10240 12228 12243 7415
3 3 10230 6719 3732
3 5 10249 12205 1341 7435 9601
3 4 10255 4237 7297 7340
3 7 10265 1221 12236 10306 1372 12279 4228
3 5 10278 1344 7310 12779 10756
3 2 10278 10149
3 3 10278 12180 10152
3 4 10311 5063 4353 12182
3 4 10311 5063 1359 10324
3 4 10311 5063 12142 12295
3 3 10311 7060 4072
3 4 10313 4367 12271 7399
3 4 10324 5104 10259 10756
3 4 10337 7628 12486 12401
3 2 10337 12410
3 4 10337 10504 10861 3960
2 3 10360 12438 5186
3 3 10362 12496 10502
2 2 10383 4440
3 3 10404 4480 12017
3 4 10404 7095 1597 4152
3 2 10427 10682
3 5 10427 12377 7533 4453 7649
1 3 10472 3564 12320
3 3 10493 10323 265
2 3 10493 7482 310
3 2 10502 12453
3 3 10502 1613 1626
2 6 10505 12484 10147 12123 1222 1242
2 2 10513 10360
3 2 10515 7500
1 3 10576 10705 12555
3 2 10594 1846
3 3 10594 10930 5221
3 2 10595 12646
3 4 10595 10569 12620 3750
3 5 10595 10569 7771 1875 1747
1 3 10612 4719 4677
2 5 10667 10608 1748 10714 1795
3 5 10682 4836 11019 2114 8249
3 5 10709 12685 1870 3719 10618
3 4 10717 10391 10516 1678
3 5 10756 4414 10897 12734 8011
2 2 10760 4993
3 3 10761 6020 5196
3 2 10762 5070
3 2 10764 12719
3 4 10764 1953 7996 2096
3 2 10765 10848
3 2 10765 8012
3 2 10791 8051
3 3 10791 4932 8118
3 5 10798 10702 3972 12848 12301
3 3 10798 7904 1618
3 2 10803 5013
1 2 10827 4033
1 3 10827 8052 5060
3 2 10830 12897
2 2 10831 6039
3 2 10837 10922
1 2 10845 12967
3 2 10862 12785
3 2 10862 12742
3 3 10877 10908 10764
3 2 10877 2096
2 2 10895 8057
3 2 10895 12873
3 2 10904 4993
2 4 10909 968 9996 12384
3 2 10919 12731
3 2 10922 5067
3 2 10929 4851
3 2 10929 1874
1 3 10946 8197 10419
2 2 10947 10513
3 2 10947 5167
2 3 10947 11008 2109
2 3 10947 11008 8181
3 2 10952 2174
3 3 10963 7605 5203
2 2 10968 2115
1 2 10973 5200
3 2 10986 2208
2 2 10986 10965
1 4 10998 1524 4617 8242
1 2 11001 10965
3 2 11012 6008
3 3 11091 3182 9149
3 5 11091 3045 11147 11040 9151
3 3 11105 6144 9167
3 4 11105 9129 9194 3083
3 9 11125 124 6087 11204 3107 6128 6183 11142 9140
2 3 11136 3150 6300
3 6 11149 6383 11263 282 11387 6338
1 6 11149 6383 11354 11365 11320 6278
3 2 11218 219
2 5 11225 11348 338 3486 3330
1 2 11241 6293
3 3 11279 364 3353
3 3 11279 9268 11221
3 3 11297 9269 9379
3 3 11297 9250 3353
3 4 11301 347 13206 3393
3 3 11301 11247 3392
2 3 11331 11305 321
1 6 11349 6264 3235 9287 354 6293
1 4 11349 11326 366 9302
2 3 11370 3267 406
3 5 11375 9368 270 3245 6149
1 7 11375 3303 11344 11394 11262 11309 6248
3 5 11380 11082 11188 9185 35
3 4 11380 11390 3229 299
2 4 11404 586 3571 3299
2 4 11435 11470 3547 587
2 3 11435 11470 3423
3 4 11437 11405 6596 11700
3 4 11437 453 486 502
2 2 11445 11417
3 3 11446 9458 6489
3 2 11456 3444
3 3 11465 503 9478
3 3 11465 11616 11600
1 2 11467 6464
2 3 11467 479 9546
3 5 11479 536 9494 6522 6499
3 4 11479 9558 513 474
3 2 11483 11606
1 4 11499 3690 9655 6680
3 3 11506 9523 9507
3 3 11516 5291 3546
3 2 11516 9559
2 3 11544 9416 11404
2 3 11544 11529 6540
2 3 11544 9572 11417
3 3 11549 11518 11506
3 2 11549 13011
3 3 11549 3447 11606
2 2 11560 589
2 2 11560 3423
3 3 11561 6423 11437
3 2 11562 3444
3 2 11562 9522
3 3 11571 1769 7899
3 2 11571 3736
3 4 11574 606 11741 982
3 2 11574 11577
3 2 11580 3617
3 2 11580 11586
3 2 11580 11577
3 2 11581 624
3 3 11581 3592 3601
3 2 11584 9582
2 2 11584 628
2 2 11584 6656
3 3 11586 9599 3984
3 2 11600 6657
3 3 11631 9629 6651
3 2 11636 6706
3 2 11636 6677
3 2 11659 11644
2 4 11659 6735 9706 11691
3 2 11666 9661
3 3 11666 6739 9692
3 5 11666 6739 3718 557 3569
3 3 11679 6561 9537
3 4 11679 9690 3731 3713
2 3 11704 10454 4901
1 3 11708 1539 11674
3 5 11742 888 3891 3799 6906
3 3 11742 888 832
2 2 11746 11810
1 4 11747 9844 6938 979
1 3 11753 6976 11853
3 4 11756 794 3874 9800
3 3 11756 9917 6866
2 5 11756 13221 874 6941 724
3 2 11794 6613
2 2 11805 970
3 3 11817 6885 9804
3 4 11817 9836 9664 11654
3 3 11818 3526 6857
2 3 11818 10163 3844
3 2 11833 6946
3 2 11834 911
3 2 11834 958
3 2 11851 931
3 3 11851 3940 9815
3 2 11851 3846
1 4 11853 652 7470 6935
3 2 11887 9771
1 4 11916 7094 10008 1146
2 4 11929 11968 12010 9991
2 5 11929 9993 10416 1497 12366
2 2 11953 1160
3 6 11954 10123 12094 4151 1204 7082
1 3 11964 10005 7011
3 2 11969 9994
1 4 11974 7144 10031 1068
3 3 11975 1547 7202
3 3 11975 10465 7118
3 2 11986 7071
1 2 12004 4143
1 3 12004 10126 9957
2 2 12004 4073
3 4 12017 12310 7502 12350
3 4 12017 7665 10006 4896
1 4 12019 7174 11920 12059
2 2 12029 1088
3 3 12137 1377 4299
3 3 12149 10320 10230
3 4 12149 7433 1284 12291
1 5 12292 4275 10217 10158 12230
3 2 12295 7250
2 4 12298 1210 1406 4261
3 2 12299 12113
3 2 12299 10313
3 5 12301 1998 4955 10894 10740
3 4 12312 6737 10339 1527
2 2 12320 6997
2 3 12320 12450 6642
2 3 12320 12450 11708
2 4 12320 12450 1539 11674
2 5 12320 12450 1467 1610 11704
2 2 12338 8010
3 3 12338 10349 12366
3 3 12350 1448 4156
3 2 12357 9450
3 2 12357 12456
3 2 12361 10717
1 5 12371 10990 8250 1617 10505
2 3 12384 638 7118
3 4 12401 4522 1559 10410
3 2 12406 7520
3 3 12406 1537 10427
3 2 12453 10515
1 2 12467 9999
1 2 12473 9893
2 3 12473 7140 1088
2 2 12473 12029
2 3 12476 10811 3916
3 4 12479 2185 5172 10980
2 2 12479 10360
3 4 12489 10477 4625 4540
3 2 12489 12458
3 4 12489 4444 10355 10410
3 4 12501 10281 1758 10909
3 2 12504 5221
3 2 12504 12677
1 3 12535 10672 4741
2 7 12535 9695 7756 1862 12134 10422 4607
1 3 12535 10582 4865
3 2 12552 12627
1 3 12578 7820 1262
2 3 12578 10693 1690
1 3 12578 1832 12124
3 4 12582 7366 9480 10249
3 3 12586 9892 1678
3 5 12586 1683 12516 7840 4749
3 2 12586 12646
3 3 12603 4759 10709
3 3 12603 3769 10552
3 4 12603 12663 3481 736
3 3 12603 1788 1848
1 3 12611 4855 1795
3 5 12627 1738 4586 10340 4740
3 3 12646 12577 1867
1 2 12648 5231
3 2 12702 10791
3 2 12707 7950
3 2 12710 8015
3 2 12719 3165
3 2 12719 11934
3 3 12721 2083 4956
3 3 12727 12870 8060
3 3 12727 5024 10791
3 2 12731 12817
3 2 12731 12900
2 3 12743 8076 11952
3 2 12746 2051
3 2 12751 5045
3 2 12762 12817
2 4 12765 6897 10645 12552
3 3 12786 10751 4516
3 5 12786 2005 1569 4571 1637
3 2 12794 12851
3 2 12829 12743
3 2 12830 11012
2 3 12830 11108 3165
3 2 12835 12721
2 2 12835 10769
3 2 12843 13212
1 3 12845 12772 1944
3 2 12851 7950
1 4 12853 12999 2168 5151
3 3 12858 1909 2038
3 3 12868 2054 1908
3 2 12873 12746
3 2 12885 4934
3 3 12897 2104 12811
1 2 12907 7161
3 2 12921 8136
3 2 12927 10761
3 2 12940 5203
3 2 12941 10761
1 2 12953 5166
3 2 12963 12940
3 2 12963 1580
3 2 12963 10525
2 2 12967 8205
2 2 12969 12983
1 3 12977 7636 5186
3 2 12989 7088
3 2 12991 2063
2 3 12994 5171 11000
3 2 12997 12983
2 2 12997 2162
3 2 12997 2225
3 2 13011 3546
2 2 13083 8185
2 2 13087 12878
3 2 13089 12746
3 2 13089 2051
2 2 13211 1883
3 2 13211 1974
