1 14
1 17
1 35
1 105
1 122
1 158
1 186
1 188
1 198
1 219
1 221
1 241
1 265
1 279
1 281
1 299
1 306
1 310
1 317
1 321
1 351
1 362
1 374
1 377
1 383
1 385
1 391
1 392
1 400
1 405
1 406
1 417
1 418
1 442
1 474
1 476
1 488
1 490
1 492
1 493
1 502
1 512
1 514
1 516
1 519
1 526
1 529
1 537
1 540
1 550
1 552
1 564
1 587
1 589
1 590
1 591
1 596
1 599
1 610
1 620
1 624
1 628
1 657
1 663
1 671
1 673
1 686
1 688
1 690
1 692
1 693
1 705
1 718
1 724
1 733
1 736
1 737
1 740
1 743
1 758
1 761
1 773
1 776
1 778
1 782
1 788
1 819
1 831
1 832
1 853
1 856
1 857
1 858
1 859
1 870
1 872
1 875
1 883
1 885
1 905
1 911
1 914
1 922
1 925
1 928
1 931
1 940
1 949
1 951
1 958
1 969
1 970
1 974
1 975
1 979
1 982
1 989
1 1013
1 1024
1 1041
1 1047
1 1048
1 1051
1 1055
1 1067
1 1068
1 1087
1 1088
1 1092
1 1093
1 1109
1 1110
1 1117
1 1130
1 1145
1 1146
1 1149
1 1160
1 1173
1 1176
1 1179
1 1182
1 1201
1 1224
1 1242
1 1262
1 1273
1 1278
1 1319
1 1345
1 1349
1 1352
1 1356
1 1369
1 1403
1 1408
1 1412
1 1421
1 1424
1 1426
1 1453
1 1473
1 1506
1 1523
1 1527
1 1534
1 1554
1 1562
1 1580
1 1618
1 1626
1 1628
1 1636
1 1637
1 1652
1 1678
1 1684
1 1688
1 1690
1 1734
1 1747
1 1795
1 1801
1 1814
1 1815
1 1822
1 1827
1 1833
1 1836
1 1846
1 1848
1 1851
1 1866
1 1867
1 1873
1 1874
1 1883
1 1896
1 1900
1 1908
1 1922
1 1928
1 1937
1 1939
1 1944
1 1951
1 1963
1 1974
1 1975
1 1981
1 1986
1 1988
1 2011
1 2012
1 2013
1 2015
1 2017
1 2026
1 2035
1 2038
1 2044
1 2050
1 2051
1 2063
1 2070
1 2075
1 2076
1 2077
1 2080
1 2086
1 2089
1 2094
1 2096
1 2097
1 2100
1 2103
1 2106
1 2109
1 2115
1 2139
1 2151
1 2152
1 2162
1 2173
1 2174
1 2176
1 2182
1 2184
1 2192
1 2197
1 2200
1 2204
1 2207
1 2208
1 2210
1 2211
1 2218
1 2225
1 2226
1 2229
1 2407
1 2947
1 3010
1 3021
1 3083
1 3122
1 3151
1 3152
1 3164
1 3165
1 3169
1 3171
1 3181
1 3194
1 3205
1 3208
1 3234
1 3262
1 3272
1 3273
1 3288
1 3295
1 3299
1 3301
1 3312
1 3320
1 3330
1 3340
1 3353
1 3369
1 3379
1 3380
1 3392
1 3393
1 3422
1 3423
1 3444
1 3456
1 3458
1 3480
1 3495
1 3497
1 3498
1 3500
1 3509
1 3513
1 3516
1 3521
1 3522
1 3524
1 3544
1 3546
1 3549
1 3552
1 3569
1 3575
1 3583
1 3598
1 3601
1 3604
1 3605
1 3614
1 3617
1 3630
1 3641
1 3645
1 3652
1 3655
1 3660
1 3663
1 3685
1 3686
1 3692
1 3696
1 3701
1 3706
1 3707
1 3713
1 3732
1 3736
1 3750
1 3754
1 3763
1 3771
1 3772
1 3775
1 3780
1 3795
1 3796
1 3816
1 3823
1 3829
1 3834
1 3838
1 3840
1 3844
1 3846
1 3866
1 3878
1 3882
1 3893
1 3897
1 3916
1 3918
1 3922
1 3924
1 3928
1 3938
1 3939
1 3946
1 3950
1 3951
1 3957
1 3960
1 3962
1 3973
1 3976
1 3983
1 3984
1 3992
1 4033
1 4045
1 4046
1 4050
1 4072
1 4073
1 4076
1 4095
1 4100
1 4109
1 4112
1 4115
1 4116
1 4129
1 4143
1 4146
1 4152
1 4156
1 4165
1 4166
1 4168
1 4178
1 4183
1 4185
1 4188
1 4189
1 4193
1 4206
1 4228
1 4241
1 4245
1 4261
1 4287
1 4299
1 4329
1 4345
1 4410
1 4440
1 4464
1 4468
1 4486
1 4515
1 4516
1 4528
1 4540
1 4543
1 4550
1 4556
1 4565
1 4575
1 4580
1 4584
1 4607
1 4609
1 4611
1 4619
1 4622
1 4624
1 4632
1 4640
1 4645
1 4646
1 4669
1 4677
1 4696
1 4709
1 4714
1 4718
1 4720
1 4723
1 4724
1 4733
1 4740
1 4741
1 4749
1 4753
1 4776
1 4785
1 4791
1 4794
1 4797
1 4799
1 4800
1 4822
1 4833
1 4848
1 4851
1 4854
1 4865
1 4871
1 4872
1 4879
1 4887
1 4889
1 4896
1 4901
1 4915
1 4933
1 4934
1 4948
1 4950
1 4951
1 4952
1 4956
1 4959
1 4966
1 4974
1 4975
1 4980
1 4982
1 4984
1 4985
1 4989
1 4991
1 4993
1 4995
1 4997
1 5000
1 5005
1 5008
1 5013
1 5015
1 5019
1 5021
1 5028
1 5030
1 5037
1 5039
1 5045
1 5047
1 5050
1 5060
1 5061
1 5064
1 5066
1 5067
1 5070
1 5073
1 5075
1 5079
1 5096
1 5098
1 5101
1 5105
1 5117
1 5128
1 5131
1 5139
1 5143
1 5151
1 5153
1 5166
1 5167
1 5179
1 5183
1 5184
1 5185
1 5186
1 5189
1 5196
1 5198
1 5200
1 5203
1 5207
1 5210
1 5213
1 5220
1 5221
1 5222
1 5223
1 5230
1 5231
1 5232
1 6008
1 6039
1 6050
1 6103
1 6105
1 6115
1 6132
1 6149
1 6164
1 6180
1 6181
1 6192
1 6235
1 6237
1 6247
1 6248
1 6270
1 6278
1 6280
1 6282
1 6287
1 6293
1 6300
1 6313
1 6314
1 6318
1 6331
1 6332
1 6336
1 6338
1 6354
1 6377
1 6380
1 6384
1 6389
1 6413
1 6420
1 6429
1 6446
1 6464
1 6469
1 6474
1 6489
1 6496
1 6499
1 6521
1 6524
1 6535
1 6540
1 6542
1 6550
1 6558
1 6560
1 6562
1 6573
1 6582
1 6583
1 6598
1 6606
1 6613
1 6626
1 6631
1 6642
1 6651
1 6656
1 6657
1 6677
1 6679
1 6680
1 6685
1 6703
1 6706
1 6710
1 6711
1 6717
1 6720
1 6725
1 6726
1 6732
1 6734
1 6761
1 6766
1 6780
1 6788
1 6812
1 6814
1 6831
1 6845
1 6846
1 6857
1 6862
1 6866
1 6876
1 6882
1 6889
1 6890
1 6906
1 6923
1 6930
1 6934
1 6935
1 6946
1 6971
1 6973
1 6974
1 6984
1 6994
1 6996
1 6997
1 7005
1 7011
1 7035
1 7054
1 7071
1 7072
1 7082
1 7087
1 7088
1 7096
1 7097
1 7101
1 7110
1 7113
1 7118
1 7132
1 7137
1 7138
1 7161
1 7169
1 7170
1 7172
1 7173
1 7176
1 7185
1 7202
1 7215
1 7222
1 7250
1 7259
1 7296
1 7306
1 7315
1 7329
1 7340
1 7342
1 7344
1 7361
1 7363
1 7381
1 7388
1 7394
1 7399
1 7402
1 7415
1 7420
1 7430
1 7447
1 7458
1 7476
1 7480
1 7497
1 7500
1 7520
1 7537
1 7552
1 7564
1 7589
1 7592
1 7604
1 7617
1 7624
1 7630
1 7639
1 7642
1 7643
1 7649
1 7661
1 7669
1 7683
1 7696
1 7716
1 7764
1 7766
1 7782
1 7789
1 7798
1 7809
1 7830
1 7831
1 7837
1 7844
1 7853
1 7869
1 7872
1 7891
1 7899
1 7900
1 7921
1 7930
1 7950
1 7953
1 7958
1 7963
1 7972
1 7977
1 7982
1 7992
1 8002
1 8003
1 8006
1 8008
1 8010
1 8011
1 8012
1 8015
1 8020
1 8024
1 8030
1 8038
1 8040
1 8048
1 8051
1 8057
1 8058
1 8060
1 8062
1 8071
1 8073
1 8085
1 8086
1 8087
1 8093
1 8096
1 8098
1 8101
1 8107
1 8109
1 8113
1 8117
1 8118
1 8129
1 8136
1 8157
1 8175
1 8181
1 8183
1 8185
1 8186
1 8187
1 8191
1 8193
1 8199
1 8204
1 8205
1 8207
1 8211
1 8213
1 8214
1 8216
1 8223
1 8224
1 8242
1 8244
1 8245
1 8246
1 8249
1 8254
1 9075
1 9108
1 9120
1 9121
1 9126
1 9137
1 9140
1 9149
1 9151
1 9152
1 9167
1 9206
1 9239
1 9262
1 9263
1 9279
1 9281
1 9297
1 9302
1 9303
1 9309
1 9315
1 9316
1 9320
1 9335
1 9340
1 9347
1 9361
1 9379
1 9383
1 9388
1 9417
1 9418
1 9427
1 9438
1 9450
1 9453
1 9467
1 9478
1 9486
1 9490
1 9498
1 9505
1 9507
1 9517
1 9522
1 9526
1 9535
1 9537
1 9546
1 9548
1 9559
1 9567
1 9570
1 9582
1 9585
1 9588
1 9601
1 9608
1 9609
1 9612
1 9614
1 9616
1 9617
1 9620
1 9627
1 9630
1 9638
1 9642
1 9644
1 9648
1 9654
1 9660
1 9661
1 9665
1 9668
1 9671
1 9692
1 9693
1 9704
1 9708
1 9713
1 9716
1 9727
1 9737
1 9740
1 9752
1 9764
1 9769
1 9771
1 9778
1 9783
1 9785
1 9792
1 9800
1 9804
1 9805
1 9809
1 9814
1 9815
1 9816
1 9817
1 9823
1 9832
1 9833
1 9837
1 9849
1 9850
1 9853
1 9864
1 9874
1 9875
1 9893
1 9894
1 9898
1 9902
1 9904
1 9907
1 9909
1 9914
1 9916
1 9930
1 9932
1 9957
1 9960
1 9962
1 9975
1 9977
1 9979
1 9980
1 9989
1 9991
1 9994
1 9999
1 10024
1 10029
1 10044
1 10045
1 10052
1 10077
1 10088
1 10106
1 10125
1 10128
1 10149
1 10152
1 10190
1 10199
1 10201
1 10209
1 10230
1 10249
1 10255
1 10265
1 10278
1 10311
1 10313
1 10324
1 10337
1 10358
1 10360
1 10362
1 10383
1 10385
1 10392
1 10400
1 10404
1 10410
1 10419
1 10427
1 10472
1 10493
1 10494
1 10502
1 10505
1 10513
1 10515
1 10522
1 10523
1 10525
1 10552
1 10576
1 10586
1 10594
1 10595
1 10612
1 10618
1 10627
1 10637
1 10662
1 10667
1 10682
1 10697
1 10709
1 10717
1 10730
1 10740
1 10746
1 10747
1 10756
1 10760
1 10761
1 10762
1 10764
1 10765
1 10769
1 10777
1 10791
1 10798
1 10803
1 10812
1 10820
1 10826
1 10827
1 10830
1 10831
1 10833
1 10837
1 10840
1 10845
1 10855
1 10862
1 10877
1 10886
1 10889
1 10890
1 10895
1 10904
1 10909
1 10912
1 10915
1 10919
1 10922
1 10924
1 10929
1 10946
1 10947
1 10948
1 10952
1 10963
1 10965
1 10968
1 10973
1 10975
1 10980
1 10985
1 10986
1 10993
1 10998
1 11000
1 11001
1 11012
1 11076
1 11091
1 11098
1 11105
1 11114
1 11125
1 11136
1 11145
1 11149
1 11215
1 11218
1 11219
1 11221
1 11225
1 11237
1 11241
1 11251
1 11279
1 11293
1 11297
1 11301
1 11331
1 11349
1 11370
1 11371
1 11372
1 11375
1 11380
1 11388
1 11404
1 11417
1 11420
1 11435
1 11437
1 11445
1 11446
1 11456
1 11465
1 11467
1 11479
1 11483
1 11486
1 11499
1 11504
1 11506
1 11516
1 11531
1 11533
1 11535
1 11542
1 11544
1 11547
1 11549
1 11560
1 11561
1 11562
1 11571
1 11574
1 11577
1 11580
1 11581
1 11584
1 11586
1 11600
1 11604
1 11606
1 11610
1 11621
1 11625
1 11631
1 11636
1 11639
1 11644
1 11654
1 11659
1 11666
1 11669
1 11674
1 11679
1 11691
1 11700
1 11702
1 11704
1 11708
1 11714
1 11742
1 11746
1 11747
1 11753
1 11756
1 11767
1 11768
1 11773
1 11774
1 11786
1 11794
1 11800
1 11805
1 11810
1 11817
1 11818
1 11833
1 11834
1 11837
1 11851
1 11853
1 11887
1 11905
1 11916
1 11929
1 11934
1 11952
1 11953
1 11954
1 11964
1 11969
1 11974
1 11975
1 11979
1 11986
1 12004
1 12017
1 12019
1 12029
1 12031
1 12059
1 12090
1 12100
1 12113
1 12124
1 12137
1 12144
1 12149
1 12154
1 12182
1 12230
1 12268
1 12277
1 12291
1 12292
1 12293
1 12295
1 12298
1 12299
1 12301
1 12308
1 12312
1 12314
1 12320
1 12338
1 12350
1 12352
1 12357
1 12361
1 12364
1 12366
1 12371
1 12384
1 12401
1 12406
1 12410
1 12416
1 12419
1 12453
1 12456
1 12458
1 12459
1 12467
1 12473
1 12476
1 12479
1 12489
1 12497
1 12501
1 12504
1 12508
1 12535
1 12552
1 12555
1 12578
1 12582
1 12586
1 12589
1 12603
1 12611
1 12627
1 12632
1 12646
1 12648
1 12677
1 12702
1 12707
1 12710
1 12716
1 12719
1 12721
1 12726
1 12727
1 12731
1 12742
1 12743
1 12746
1 12751
1 12753
1 12762
1 12765
1 12766
1 12769
1 12785
1 12786
1 12790
1 12794
1 12810
1 12811
1 12812
1 12817
1 12823
1 12828
1 12829
1 12830
1 12832
1 12834
1 12835
1 12839
1 12843
1 12845
1 12851
1 12853
1 12858
1 12865
1 12867
1 12868
1 12873
1 12878
1 12885
1 12888
1 12897
1 12900
1 12907
1 12910
1 12913
1 12917
1 12921
1 12922
1 12927
1 12932
1 12939
1 12940
1 12941
1 12942
1 12953
1 12963
1 12964
1 12967
1 12969
1 12975
1 12977
1 12983
1 12989
1 12990
1 12991
1 12994
1 12997
1 13011
1 13069
1 13075
1 13077
1 13083
1 13087
1 13088
1 13089
1 13092
1 13093
1 13202
1 13211
1 13212
1 13217
